All finite groups of order 1:
Count: 1
0	

Time elapsed: 3ms.
------------------------


All finite groups of order 2:
Count: 1
0	1	
1	0	

Time elapsed: 0ms.
------------------------


All finite groups of order 3:
Count: 1
0	1	2	
1	2	0	
2	0	1	

Time elapsed: 1ms.
------------------------


All finite groups of order 4:
Count: 2
0	1	2	3	
1	0	3	2	
2	3	0	1	
3	2	1	0	

0	1	2	3	
1	0	3	2	
2	3	1	0	
3	2	0	1	

Time elapsed: 3ms.
------------------------


All finite groups of order 5:
Count: 1
0	1	2	3	4	
1	2	3	4	0	
2	3	4	0	1	
3	4	0	1	2	
4	0	1	2	3	

Time elapsed: 4ms.
------------------------


All finite groups of order 6:
Count: 2
0	1	2	3	4	5	
1	0	3	2	5	4	
2	3	4	5	0	1	
3	2	5	4	1	0	
4	5	0	1	2	3	
5	4	1	0	3	2	

0	1	2	3	4	5	
1	0	3	2	5	4	
2	4	0	5	1	3	
3	5	1	4	0	2	
4	2	5	0	3	1	
5	3	4	1	2	0	

Time elapsed: 63ms.
------------------------


All finite groups of order 7:
Count: 1
0	1	2	3	4	5	6	
1	2	3	4	5	6	0	
2	3	4	5	6	0	1	
3	4	5	6	0	1	2	
4	5	6	0	1	2	3	
5	6	0	1	2	3	4	
6	0	1	2	3	4	5	

Time elapsed: 173ms.
------------------------


All finite groups of order 8:
Count: 5
0	1	2	3	4	5	6	7	
1	0	3	2	5	4	7	6	
2	3	0	1	6	7	4	5	
3	2	1	0	7	6	5	4	
4	5	6	7	0	1	2	3	
5	4	7	6	1	0	3	2	
6	7	4	5	2	3	0	1	
7	6	5	4	3	2	1	0	

0	1	2	3	4	5	6	7	
1	0	3	2	5	4	7	6	
2	3	0	1	6	7	4	5	
3	2	1	0	7	6	5	4	
4	5	6	7	1	0	3	2	
5	4	7	6	0	1	2	3	
6	7	4	5	3	2	1	0	
7	6	5	4	2	3	0	1	

0	1	2	3	4	5	6	7	
1	0	3	2	5	4	7	6	
2	3	0	1	6	7	4	5	
3	2	1	0	7	6	5	4	
4	5	7	6	0	1	3	2	
5	4	6	7	1	0	2	3	
6	7	5	4	2	3	1	0	
7	6	4	5	3	2	0	1	

0	1	2	3	4	5	6	7	
1	0	3	2	5	4	7	6	
2	3	1	0	6	7	5	4	
3	2	0	1	7	6	4	5	
4	5	6	7	2	3	1	0	
5	4	7	6	3	2	0	1	
6	7	5	4	1	0	3	2	
7	6	4	5	0	1	2	3	

0	1	2	3	4	5	6	7	
1	0	3	2	5	4	7	6	
2	3	1	0	6	7	5	4	
3	2	0	1	7	6	4	5	
4	5	7	6	1	0	2	3	
5	4	6	7	0	1	3	2	
6	7	4	5	3	2	1	0	
7	6	5	4	2	3	0	1	

Time elapsed: 799ms.
------------------------


All finite groups of order 9:
Count: 2
0	1	2	3	4	5	6	7	8	
1	2	0	4	5	3	7	8	6	
2	0	1	5	3	4	8	6	7	
3	4	5	6	7	8	0	1	2	
4	5	3	7	8	6	1	2	0	
5	3	4	8	6	7	2	0	1	
6	7	8	0	1	2	3	4	5	
7	8	6	1	2	0	4	5	3	
8	6	7	2	0	1	5	3	4	

0	1	2	3	4	5	6	7	8	
1	2	0	4	5	3	7	8	6	
2	0	1	5	3	4	8	6	7	
3	4	5	6	7	8	1	2	0	
4	5	3	7	8	6	2	0	1	
5	3	4	8	6	7	0	1	2	
6	7	8	1	2	0	4	5	3	
7	8	6	2	0	1	5	3	4	
8	6	7	0	1	2	3	4	5	

Time elapsed: 7861ms.
------------------------


